4294967278,11
4294967278,10
4294967278,9
4243767290,0
4294967278,19
4294967278,18
4294967278,17
4294967278,16
4294967278,15
4294967278,14
4294967278,13
4294967278,12
4294967278,322
4294967278,203
4294967278,202
4294967279,203
4294967278,200
4294967278,43
4294967278,42
4294967278,41
4294967278,40
4294967278,39
4294967278,38
4294967278,37
4294967278,36
4294967278,35
4294967278,34
4294967278,33
4294967278,32
4294967278,31
4294967278,30
4294967278,29
4294967278,28
4294967278,27
4294967278,26
4294967278,25
4294967278,24
4294967278,23
4294967278,22
4294967278,21
4294967278,20
4294967294,61
4294967278,199
4294967278,198
4294967278,197
4294967278,196
4294967278,195
4294967279,196
4294967278,194
4294967279,195
4294967278,193
4294967279,194
4294967278,192
4294967279,193
4294967278,191
4294967279,192
4294967279,191
4294967279,190
4294967279,412
4294967278,380
4294967279,429
4294967278,186
4294967278,348
4294967279,411
4294967278,185
4294967279,186
4294967278,184
4294967278,449
4294967279,185
4294967279,384
4294967278,183
4294967279,184
4294967279,183
4294967278,181
4294967279,180
4294967279,182
168,5
4294967278,180
168,4
4294967279,181
168,3
168,2
168,1
4294967279,319
4294967278,179
4294967279,179
4294967278,177
4294967279,427
4294967278,308
4294967279,177
4294967278,175
4294967278,313
4294967279,176
4294967278,173
4294967279,175
4294967278,62
4294967278,61
4294967278,60
4294967278,57
4294967278,55
4294967278,54
4294967278,53
4294967278,52
4294967278,51
4294967278,50
4294967278,49
4294967278,48
4294967278,341
4294967278,47
4294967278,46
4294967278,304
4294967278,45
4294967278,303
4294967278,44
4294967279,89
4294967279,87
4294967279,85
4294967279,84
4294967279,83
4294967279,82
4294967279,81
4294967279,80
4294967279,77
4294967279,75
4294967279,74
4294967279,73
4294967279,72
4294967279,70
4294967279,67
4294967279,66
4294967279,63
4294967279,61
4294967279,260
4294967279,60
4294967279,280
4294967278,309
4294967279,432
4294967279,410
4294967279,0
4294967278,59
4294967278,312
4294967279,59
4294967279,317
4294967294,173
4294967294,182
4294967278,58
4294967278,170
4294967278,311
4294967279,58
4294967279,316
4294967278,169
4294967279,170
4294967294,967
4294967278,56
4294967278,168
4294967279,169
4294967279,314
4294967279,168
4294967279,167
4294967279,164
4294967279,166
166,5
166,4
4294967279,165
166,3
166,2
166,1
4294967279,425
4294967279,163
4294967279,162
4294967279,161
4294967279,160
4294967279,309
4294967279,157
4294967279,405
4294967279,155
4294967279,154
4294967279,299
4294967279,153
4294967279,152
4294967279,149
4294967279,151
164,5
164,4
4294967279,150
164,3
164,2
164,1
4294967279,404
4294967279,148
4294967279,147
4294967279,146
4294967279,145
4294967279,144
4294967279,306
4294967279,143
162,6
4294967279,140
4294967279,443
4294967279,403
162,5
4294967279,139
4294967279,279
162,4
162,3
162,2
162,1
4294967279,137
4294967279,136
4294967279,135
4294967279,276
4294967279,133
161,5
4294967279,291
4294967294,89
161,4
4294967279,274
161,3
161,2
161,1
4294967279,424
4294967279,273
4294967294,1420
4294967294,429
4294967279,270
4294967294,389
4294967279,462
4294967279,304
160,5
4294967279,269
4294967279,288
160,4
160,3
160,2
160,1
4294967278,459
4294967279,267
4294967279,266
4294967279,265
4294967279,303
4294967279,264
159,5
4294967279,262
159,4
4294967279,285
159,3
159,2
159,1
4294967279,456
0,7
4294967294,390
4294967294,954
4294967279,259
4294967279,455
4294967278,333
4294967278,374
4294967278,334
4294967278,332
4294967294,470
4294967279,56
4294967279,55
4294967279,52
4294967279,51
4294967279,50
4294967279,48
4294967279,47
4294967279,46
4294967279,44
4294967279,42
4294967279,41
4294967279,39
4294967279,37
4294967279,36
4294967279,33
4294967279,32
4294967279,31
4294967279,28
4294967279,24
4294967279,23
4294967279,22
4294967279,20
4294967279,18
4294967279,17
4294967279,15
4294967279,14
4294967279,13
4294967279,12
4294967278,256
4294967278,331
4294967278,255
4294967278,372
4294967278,330
4294967278,356
4294967278,327
4294967278,355
4294967278,251
4294967278,250
4294967278,326
4294967278,249
130,2
4294967278,247
4294967278,245
4294967278,243
130,4
4294967294,1422
4294967294,905
4294967294,29
4294967294,909
4294967294,186
4294967294,28
4294967294,0
4294967278,241
4294967294,107
4294967294,92
4294967294,91
4294967294,90
4294967294,88
4294967294,87
4294967294,86
4294967294,85
4294967294,84
4294967294,419
4294967294,956
4294967294,955
4294967294,923
4294967294,53
4294967294,439
4294967294,392
4294967294,44
4294967294,114
4294967294,120
4294967294,2
